# OSM 子場景(編輯器自動生成;重新生成會覆寫整個檔案)
# 複製下行到母場景(放在母場景 latlon 行之後)以嵌入:
# import osm_25.0936_121.5264.txt 25.093600 121.526400
latlon 25.093600 121.526400
# auto-osm begin origin=(25.093600,121.526400) radius=300m
# 資料來源: © OpenStreetMap contributors (ODbL)
map map_osm_25.0936_121.5264.png -24.38 77.92 1.0816
building 18.63 0 -5.69 0 -73.07 0 193.80 23.57 9.0
building -115.70 0 -81.05 0 0.00 0 15.41 12.89 9.0
building 25.79 0 -312.66 0 21.90 0 36.31 28.72 12.0
building 66.17 0 -68.76 0 -56.11 0 59.80 16.93 9.0
building 91.50 0 -23.64 0 -56.21 0 37.25 20.80 21.0
building 290.19 0 -120.54 0 -4.83 0 43.55 28.50 9.0
building -78.42 0 184.13 0 -81.24 0 23.80 17.14 42.0
building -128.31 0 143.27 0 -85.84 0 32.92 26.85 57.0
building -205.42 0 -331.79 0 81.25 0 81.11 69.76 9.0
building -220.96 0 -115.06 0 12.72 0 89.12 24.91 9.0
building -220.26 0 4.80 0 -8.25 0 43.96 36.16 33.0
building -217.22 0 -36.46 0 -8.28 0 50.96 36.33 9.0
building -210.55 0 -77.72 0 -8.27 0 50.97 36.31 9.0
building 119.88 0 -47.32 0 17.60 0 14.26 8.50 9.0
building 334.86 0 -243.49 0 51.63 0 171.00 67.79 9.0
building 264.14 0 -256.50 0 50.30 0 88.66 26.11 9.0
building 267.00 0 -201.75 0 -41.93 0 14.15 12.55 9.0
building 194.53 0 54.27 0 13.40 0 52.41 32.68 12.0
building 207.86 0 -33.37 0 12.90 0 108.87 107.00 9.0
building 230.38 0 -60.48 0 -77.26 0 168.77 76.29 9.0
building 218.35 0 -23.26 0 13.23 0 30.21 13.98 9.0
building 210.40 0 -63.34 0 14.18 0 9.99 5.97 9.0
building 198.96 0 -153.79 0 12.59 0 41.03 30.03 9.0
building 152.71 0 -129.36 0 12.77 0 42.42 29.63 9.0
building 171.94 0 -158.20 0 15.13 0 40.11 14.70 9.0
building 325.46 0 -70.74 0 -7.08 0 101.35 50.79 9.0
building 284.98 0 -74.47 0 83.17 0 15.85 11.41 9.0
building -213.90 0 -250.08 0 82.67 0 16.92 7.53 9.0
building 236.51 0 168.49 0 -73.26 0 14.24 10.19 9.0
building 206.80 0 204.37 0 -79.48 0 26.86 10.47 9.0
building 247.23 0 110.26 0 3.65 0 22.91 16.40 9.0
building 267.39 0 32.94 0 5.82 0 10.15 6.22 9.0
building 229.90 0 90.60 0 6.76 0 15.79 12.03 9.0
building 290.10 0 29.28 0 2.41 0 11.05 6.95 9.0
building 309.46 0 47.20 0 6.32 0 20.08 7.30 9.0
building 290.75 0 44.77 0 2.36 0 11.05 8.07 9.0
building 290.41 0 36.75 0 2.41 0 11.05 8.00 9.0
building 278.64 0 41.07 0 5.82 0 10.58 6.27 9.0
building 277.85 0 33.37 0 5.82 0 10.58 9.21 9.0
building 277.05 0 25.67 0 5.82 0 10.58 6.28 9.0
building 220.45 0 120.62 0 -83.00 0 22.44 11.17 9.0
building 289.32 0 23.02 0 2.36 0 12.08 5.64 9.0
building 268.96 0 43.02 0 5.79 0 9.10 4.35 9.0
building 124.30 0 4.86 0 -76.47 0 18.27 10.30 3.0
building -34.75 0 183.25 0 -79.39 0 23.24 6.57 9.0
building -23.15 0 181.11 0 -79.39 0 23.24 5.68 6.0
building -97.68 0 95.05 0 -78.93 0 28.83 22.71 9.0
building -143.10 0 44.55 0 -85.57 0 49.80 23.10 12.0
building -145.64 0 93.31 0 7.92 0 23.50 15.00 12.0
building -144.74 0 104.92 0 6.26 0 24.69 8.97 15.0
building -147.43 0 115.35 0 1.27 0 18.11 12.80 15.0
building -223.81 0 176.17 0 10.01 0 55.84 22.81 9.0
building -272.61 0 210.96 0 -81.24 0 74.21 54.65 6.0
building -239.84 0 213.34 0 -83.75 0 49.51 14.63 3.0
building -221.18 0 210.10 0 -84.31 0 46.85 23.65 6.0
building -72.02 0 -282.47 0 -10.21 0 12.43 7.88 9.0
building -73.41 0 -274.84 0 -10.21 0 12.43 7.64 9.0
building -75.03 0 -266.00 0 -10.21 0 12.44 10.34 9.0
building -77.22 0 -253.95 0 79.66 0 14.20 12.41 9.0
building -82.27 0 -239.03 0 -10.83 0 27.22 13.29 9.0
building -85.91 0 -220.21 0 -10.80 0 27.26 25.06 9.0
building -71.30 0 -203.66 0 -1.11 0 14.07 13.52 9.0
building -88.30 0 -196.38 0 85.45 0 13.60 10.81 9.0
building -99.61 0 -202.89 0 -4.24 0 10.93 9.98 9.0
building -100.39 0 -192.47 0 -4.24 0 10.93 10.92 9.0
building -107.68 0 -170.95 0 -84.43 0 25.67 14.93 3.0
building -88.38 0 -175.66 0 2.06 0 22.46 13.85 9.0
building -87.96 0 -164.02 0 2.06 0 22.46 9.45 9.0
building -61.61 0 -172.33 0 -87.70 0 28.34 23.04 9.0
building -111.02 0 -45.61 0 -71.19 0 12.27 9.65 9.0
building -90.14 0 -52.46 0 -54.98 0 14.84 7.56 9.0
building -48.14 0 -48.42 0 -80.57 0 18.24 10.58 9.0
building -0.61 0 31.38 0 -73.96 0 12.90 10.32 9.0
building -8.43 0 17.88 0 -81.73 0 15.79 11.23 9.0
building 3.81 0 46.74 0 -74.04 0 19.06 10.45 9.0
building 6.69 0 69.98 0 -76.03 0 16.34 9.63 9.0
building 10.72 0 84.78 0 -73.03 0 13.97 9.98 9.0
building -18.08 0 69.12 0 -80.23 0 72.16 11.93 9.0
building 14.59 0 104.73 0 -70.87 0 13.18 12.74 9.0
building -5.07 0 133.63 0 -78.99 0 59.66 9.49 9.0
building 16.01 0 115.34 0 16.34 0 16.70 7.65 9.0
building 18.70 0 128.13 0 -71.79 0 17.24 14.07 9.0
building 20.32 0 72.57 0 -67.51 0 24.00 12.48 9.0
building 29.38 0 93.59 0 18.86 0 14.26 9.56 9.0
building 32.14 0 102.56 0 20.45 0 15.25 7.88 9.0
building 34.93 0 111.33 0 20.64 0 16.28 10.56 9.0
building 38.67 0 121.19 0 20.64 0 16.33 10.53 9.0
building 40.88 0 131.02 0 20.65 0 19.19 9.42 9.0
building -1.52 0 86.42 0 -79.97 0 119.03 10.87 9.0
building 22.87 0 140.81 0 17.99 0 14.10 9.52 9.0
building 45.61 0 143.39 0 20.65 0 19.23 17.06 9.0
building 30.15 0 158.02 0 15.35 0 13.00 5.80 9.0
building 13.12 0 156.13 0 -79.47 0 16.45 13.79 9.0
building -16.47 0 135.95 0 -79.05 0 59.82 15.25 9.0
building 53.78 0 163.30 0 16.56 0 20.24 18.82 9.0
building 31.18 0 170.57 0 14.24 0 18.93 17.18 9.0
building 16.31 0 174.73 0 -72.74 0 15.23 9.26 9.0
building -5.12 0 176.31 0 10.46 0 24.55 20.72 9.0
building -121.88 0 -1.58 0 -64.05 0 20.36 10.29 9.0
building -182.73 0 -232.71 0 -7.19 0 12.30 11.48 9.0
building -175.92 0 291.52 0 13.09 0 23.32 10.09 15.0
building -181.95 0 273.49 0 -75.83 0 19.33 17.06 6.0
building -208.68 0 282.91 0 10.73 0 25.10 24.06 27.0
building -233.55 0 286.52 0 -78.91 0 26.41 22.23 9.0
building -259.74 0 306.67 0 -77.63 0 52.67 33.65 21.0
building 295.05 0 155.68 0 12.52 0 26.63 21.01 9.0
building 303.17 0 204.37 0 -80.45 0 71.28 28.01 9.0
building 255.94 0 164.41 0 14.83 0 21.05 20.51 9.0
building 265.79 0 201.11 0 -79.13 0 53.76 31.46 9.0
building 275.85 0 251.40 0 -79.99 0 48.02 30.37 9.0
building 283.61 0 300.47 0 -80.16 0 50.52 29.56 9.0
building 236.51 0 192.04 0 -81.01 0 14.43 13.96 9.0
building 216.21 0 172.20 0 12.81 0 15.29 13.81 9.0
building 221.35 0 187.85 0 -78.24 0 14.12 12.35 9.0
building 243.74 0 218.85 0 -82.37 0 20.13 12.27 9.0
building 225.03 0 211.25 0 -64.77 0 18.39 12.04 9.0
building 225.60 0 227.61 0 13.20 0 13.64 11.75 9.0
building 215.55 0 242.88 0 23.58 0 15.28 10.88 9.0
building 218.12 0 253.15 0 14.26 0 13.13 7.98 9.0
building 220.66 0 265.92 0 20.25 0 12.44 9.65 9.0
building 222.97 0 279.69 0 15.52 0 12.10 11.46 9.0
building 226.46 0 293.68 0 -72.37 0 12.25 10.77 9.0
building 229.32 0 302.68 0 17.43 0 10.80 6.70 9.0
building 251.18 0 240.76 0 -78.13 0 16.41 12.04 9.0
building 236.60 0 244.03 0 10.35 0 16.82 13.97 9.0
building 245.21 0 258.90 0 11.04 0 25.73 14.54 9.0
building 244.35 0 276.96 0 10.69 0 18.33 13.34 9.0
building 258.78 0 274.60 0 -79.18 0 12.85 8.44 9.0
building 250.01 0 290.82 0 11.48 0 23.16 14.45 9.0
building 252.73 0 304.09 0 11.47 0 23.16 12.67 9.0
building 188.97 0 305.68 0 13.08 0 34.49 21.24 24.0
building 174.99 0 291.10 0 13.70 0 16.39 14.45 9.0
building 187.53 0 271.81 0 13.31 0 21.31 10.16 24.0
building 156.13 0 271.94 0 -77.22 0 14.57 11.08 9.0
building 159.14 0 289.03 0 -77.62 0 15.97 10.79 9.0
building 166.19 0 311.78 0 -72.49 0 21.75 14.37 9.0
building 180.83 0 258.92 0 13.57 0 29.81 11.55 9.0
building 158.21 0 259.12 0 11.08 0 9.10 6.23 9.0
building 153.21 0 252.72 0 9.10 0 13.58 8.42 9.0
building 152.90 0 242.41 0 9.89 0 15.67 8.93 9.0
building 151.67 0 233.04 0 7.91 0 13.67 7.46 9.0
building 175.82 0 235.21 0 13.45 0 29.49 6.04 9.0
building 173.13 0 225.41 0 14.19 0 22.49 10.50 9.0
building 147.22 0 224.89 0 9.40 0 17.29 9.45 9.0
building 142.77 0 209.46 0 -77.98 0 18.49 17.00 9.0
building 171.30 0 211.29 0 13.00 0 25.14 10.92 9.0
building 168.11 0 200.38 0 14.09 0 24.29 11.30 9.0
building 168.46 0 190.97 0 13.03 0 23.75 5.14 9.0
building 139.58 0 187.55 0 15.29 0 16.61 9.69 9.0
building 112.75 0 194.64 0 14.09 0 27.64 9.57 9.0
building 115.27 0 203.49 0 12.46 0 27.43 3.76 9.0
building 114.64 0 209.59 0 10.78 0 20.11 3.87 9.0
building 121.54 0 219.64 0 5.21 0 17.79 9.54 9.0
building 126.06 0 232.53 0 2.41 0 20.78 12.65 9.0
building 127.27 0 245.87 0 9.92 0 23.38 11.45 9.0
building 134.20 0 256.08 0 19.92 0 15.04 8.58 9.0
building 132.28 0 264.78 0 11.72 0 18.52 5.66 9.0
building 133.43 0 270.23 0 11.72 0 18.51 5.47 9.0
building 134.39 0 274.84 0 11.72 0 18.52 3.95 9.0
building 135.18 0 278.57 0 11.72 0 18.51 3.68 9.0
building 138.63 0 286.98 0 6.90 0 16.29 9.06 9.0
building 142.29 0 300.20 0 20.42 0 16.23 14.71 9.0
building 40.78 0 220.15 0 12.79 0 52.52 25.00 9.0
building 73.64 0 210.76 0 -79.02 0 20.92 7.29 9.0
building 41.29 0 249.28 0 10.49 0 37.55 14.80 9.0
building 56.89 0 259.64 0 12.61 0 11.11 10.86 9.0
building 40.39 0 262.78 0 -75.40 0 12.78 7.55 9.0
building 27.47 0 265.53 0 11.98 0 13.01 12.24 9.0
building -2.67 0 257.88 0 10.01 0 29.42 15.96 9.0
building -32.07 0 263.63 0 12.10 0 30.00 15.96 9.0
building -22.66 0 276.78 0 -80.05 0 11.40 10.98 9.0
building -32.94 0 278.35 0 -75.89 0 12.51 8.91 9.0
building -41.71 0 280.29 0 -78.60 0 12.52 9.65 9.0
building 52.22 0 281.74 0 -70.92 0 14.48 9.15 9.0
building 35.54 0 284.20 0 7.97 0 17.49 13.13 9.0
building 9.05 0 290.46 0 -81.67 0 13.67 11.92 27.0
building -17.38 0 297.14 0 2.02 0 21.62 16.19 9.0
building -35.35 0 298.21 0 -84.12 0 16.25 13.31 9.0
building 89.72 0 272.02 0 -78.51 0 104.90 15.44 9.0
building 47.32 0 299.13 0 -78.65 0 10.51 8.27 9.0
building 34.65 0 300.54 0 -82.34 0 12.96 12.27 9.0
building 72.86 0 287.49 0 -81.15 0 129.86 14.72 9.0
building -34.94 0 235.63 0 9.48 0 89.19 24.31 9.0
building -59.56 0 284.58 0 -80.30 0 63.09 22.07 9.0
building -104.53 0 254.51 0 12.89 0 41.65 20.37 6.0
building -99.60 0 317.77 0 -77.12 0 105.16 23.06 9.0
building -83.11 0 307.27 0 -79.38 0 92.80 17.37 9.0
building 216.23 0 -303.30 0 -19.57 0 23.52 20.75 9.0
building 211.73 0 -283.87 0 68.40 0 11.68 7.39 9.0
building 195.90 0 -283.70 0 -12.08 0 16.13 9.60 9.0
building 238.92 0 -281.39 0 -24.64 0 19.40 13.13 9.0
building 230.79 0 -269.45 0 -24.13 0 15.16 11.01 9.0
building 222.67 0 -258.48 0 -30.58 0 13.56 7.54 9.0
building 210.06 0 -257.68 0 -16.50 0 16.09 4.68 9.0
building 218.70 0 -274.12 0 -16.30 0 8.33 7.08 9.0
building 201.24 0 -270.54 0 -25.98 0 7.71 6.27 9.0
building 191.05 0 -273.65 0 -24.95 0 13.35 9.37 9.0
building 190.21 0 -264.55 0 -13.08 0 19.46 6.22 9.0
building 209.80 0 -244.76 0 -25.49 0 15.04 10.00 9.0
building 203.66 0 -234.10 0 -14.63 0 7.93 5.91 9.0
building 183.24 0 -225.15 0 -17.74 0 24.21 22.69 9.0
building 83.52 0 -303.09 0 -76.36 0 31.65 21.48 15.0
building 91.42 0 -301.87 0 12.64 0 12.40 8.90 9.0
building 155.25 0 -274.89 0 -17.65 0 33.98 7.34 9.0
building 150.03 0 -263.06 0 -17.65 0 36.71 18.38 9.0
building 111.86 0 -281.31 0 -28.53 0 21.99 15.59 9.0
building 88.68 0 -281.44 0 9.91 0 18.39 9.71 12.0
building 88.95 0 -263.24 0 -77.45 0 18.43 11.31 3.0
building 94.89 0 -241.44 0 -76.89 0 24.42 13.36 12.0
building 126.30 0 -221.89 0 86.75 0 10.32 5.99 9.0
building 144.44 0 -221.35 0 -4.78 0 24.21 9.44 9.0
building 143.94 0 -210.25 0 -11.55 0 18.78 3.96 9.0
building 141.42 0 -199.25 0 -12.56 0 13.61 11.41 9.0
building 113.88 0 -192.68 0 17.44 0 19.14 10.10 9.0
building 117.89 0 -185.51 0 17.46 0 22.42 5.97 9.0
building 140.04 0 -182.54 0 -13.17 0 14.18 6.08 9.0
building 125.38 0 -170.96 0 16.87 0 32.18 9.26 9.0
building -27.53 0 -305.72 0 -69.45 0 20.80 19.14 9.0
building 55.35 0 -294.16 0 -73.69 0 24.71 16.59 12.0
building 26.06 0 -284.70 0 -79.33 0 18.86 8.81 9.0
building -22.34 0 -283.20 0 -70.65 0 19.28 11.25 9.0
building -8.47 0 -287.11 0 -71.47 0 12.18 8.55 9.0
building 3.61 0 -288.56 0 -65.61 0 8.50 5.92 9.0
building 13.90 0 -286.04 0 -64.64 0 6.27 5.07 9.0
building 14.46 0 -275.84 0 15.84 0 9.86 7.52 9.0
building 63.12 0 -257.28 0 -75.83 0 26.63 19.69 12.0
building -10.64 0 -263.94 0 11.03 0 29.50 10.22 9.0
building 50.88 0 -192.05 0 21.68 0 18.98 14.73 9.0
building 29.00 0 -221.88 0 0.61 0 19.75 8.00 9.0
building 72.10 0 -235.18 0 -76.58 0 14.64 13.57 12.0
building 8.90 0 -217.09 0 3.11 0 15.05 7.09 9.0
building 65.45 0 -217.66 0 13.28 0 31.08 10.79 9.0
building 30.16 0 -208.14 0 0.63 0 26.99 19.53 9.0
building 76.88 0 -201.05 0 -64.93 0 22.71 20.74 9.0
building 80.04 0 -182.97 0 20.42 0 24.29 11.99 9.0
building 71.72 0 -165.09 0 -74.23 0 8.77 6.87 9.0
building 84.67 0 -159.83 0 15.61 0 28.95 8.34 9.0
building 31.03 0 -189.28 0 32.23 0 13.16 9.64 9.0
building 38.22 0 -177.56 0 29.97 0 9.73 9.62 9.0
building 52.77 0 -162.26 0 27.01 0 15.15 6.79 9.0
building 58.06 0 -150.16 0 25.98 0 15.98 6.85 9.0
building -13.83 0 -207.51 0 -61.67 0 18.78 7.67 9.0
building -4.83 0 -188.70 0 16.13 0 15.51 10.04 9.0
building 6.00 0 -176.36 0 -61.18 0 11.03 6.67 9.0
building 20.96 0 -154.18 0 -64.97 0 27.58 9.67 9.0
building 99.19 0 -138.56 0 11.59 0 17.43 14.66 9.0
building 101.54 0 -125.06 0 21.89 0 13.73 5.48 9.0
building 108.80 0 -111.94 0 -70.99 0 19.11 10.86 9.0
building 68.50 0 -131.78 0 -62.71 0 13.05 12.44 9.0
building 84.23 0 -114.65 0 -75.08 0 19.61 19.01 9.0
building 88.56 0 -97.52 0 12.62 0 12.87 6.14 9.0
building 96.80 0 -92.42 0 22.42 0 19.05 7.49 9.0
building 103.65 0 -79.26 0 4.30 0 19.59 11.66 9.0
building 116.22 0 -65.81 0 -81.80 0 17.28 17.21 9.0
building 65.85 0 -3.43 0 32.59 0 23.81 22.52 9.0
building 74.41 0 19.24 0 9.68 0 17.59 14.74 9.0
building 81.84 0 41.86 0 12.46 0 19.97 12.82 9.0
building 133.31 0 41.86 0 13.91 0 13.41 8.47 9.0
building 93.42 0 76.72 0 -73.20 0 11.92 8.46 9.0
building 74.92 0 82.54 0 11.93 0 16.51 11.78 6.0
building 79.24 0 93.64 0 11.92 0 12.49 9.96 9.0
building 88.04 0 101.76 0 12.16 0 26.77 4.63 9.0
building 48.10 0 -101.41 0 30.66 0 17.41 14.19 9.0
building -17.69 0 -24.97 0 10.14 0 12.45 9.50 9.0
building -109.23 0 13.75 0 20.25 0 21.46 12.91 9.0
building -71.37 0 7.41 0 10.59 0 15.78 7.50 9.0
building -74.45 0 -5.98 0 -68.39 0 14.18 7.35 9.0
building 304.36 0 244.72 0 9.09 0 18.55 4.05 9.0
building 305.07 0 249.10 0 9.09 0 18.56 4.82 9.0
building 305.75 0 253.26 0 9.09 0 18.55 3.62 9.0
building 306.41 0 257.35 0 9.09 0 18.54 4.68 9.0
building 307.12 0 261.73 0 9.12 0 18.55 4.20 9.0
building 307.85 0 266.17 0 9.12 0 18.56 4.81 9.0
building 308.52 0 270.32 0 9.12 0 18.54 3.59 9.0
building 309.06 0 273.63 0 9.10 0 18.55 3.50 9.0
building 110.43 0 -212.93 0 12.94 0 26.44 26.04 9.0
building 131.41 0 -306.96 0 73.43 0 14.39 6.10 9.0
building 137.35 0 -304.27 0 73.43 0 16.19 6.82 9.0
building 143.14 0 -302.09 0 73.44 0 17.10 5.54 9.0
building 148.62 0 -303.21 0 73.42 0 11.89 4.34 9.0
building 165.34 0 -298.26 0 -17.30 0 28.53 10.97 9.0
building 155.76 0 -288.51 0 -17.26 0 30.30 13.04 9.0
building 42.39 0 -288.92 0 -69.80 0 20.70 6.74 9.0
building 36.55 0 -282.68 0 -73.42 0 12.45 9.32 9.0
building 17.40 0 -255.80 0 13.55 0 13.68 12.25 9.0
building 29.25 0 -258.65 0 -76.29 0 12.28 10.74 9.0
building 43.53 0 -262.09 0 13.55 0 18.67 12.25 9.0
building -9.49 0 -250.26 0 -75.12 0 16.33 12.95 9.0
building -5.11 0 -236.76 0 -75.87 0 12.22 11.27 9.0
building 6.31 0 -239.60 0 13.93 0 12.30 12.19 9.0
building 21.03 0 -240.06 0 15.87 0 12.37 11.45 9.0
building 32.47 0 -241.68 0 14.95 0 10.45 8.49 9.0
building 42.51 0 -244.37 0 14.96 0 10.40 8.49 9.0
building 50.93 0 -251.58 0 -74.23 0 11.35 9.67 9.0
building 38.33 0 -229.53 0 0.49 0 15.12 7.14 9.0
building 52.20 0 -231.27 0 14.69 0 14.84 6.94 9.0
building 61.42 0 -237.21 0 14.33 0 5.99 4.85 9.0
building 261.37 0 -306.79 0 -44.81 0 17.55 3.62 9.0
building 258.19 0 -303.64 0 -44.81 0 17.56 5.34 9.0
building 254.67 0 -300.14 0 -44.78 0 17.56 4.58 9.0
building 251.29 0 -296.79 0 -44.81 0 17.57 4.96 9.0
building 247.91 0 -293.43 0 -44.81 0 17.56 4.57 9.0
building 186.13 0 -259.30 0 -15.61 0 16.95 5.24 9.0
building 189.06 0 -251.28 0 -15.61 0 26.99 8.65 9.0
building 126.10 0 -252.50 0 -15.91 0 27.00 4.77 9.0
building 154.16 0 -244.05 0 -18.29 0 18.61 4.33 9.0
building 152.78 0 -239.94 0 -18.26 0 18.61 4.34 9.0
building 110.96 0 -242.61 0 85.54 0 18.45 17.39 9.0
building 122.53 0 -240.76 0 85.35 0 17.15 5.29 9.0
building 128.17 0 -233.90 0 84.29 0 9.44 7.62 9.0
building 135.92 0 -234.31 0 84.30 0 11.78 7.73 9.0
building 142.98 0 -233.10 0 84.26 0 10.70 6.55 9.0
building 149.98 0 -232.40 0 84.26 0 10.69 7.52 9.0
building 155.55 0 -230.54 0 74.48 0 9.28 6.27 9.0
building 301.40 0 -1.28 0 -85.75 0 15.91 11.07 9.0
building 302.80 0 12.99 0 -86.51 0 12.91 10.22 9.0
building 309.51 0 24.39 0 3.45 0 22.22 10.67 9.0
building 246.31 0 45.33 0 7.99 0 25.14 11.32 9.0
building 237.10 0 61.24 0 8.89 0 11.76 10.31 9.0
building 244.87 0 60.03 0 -81.01 0 10.32 3.99 9.0
building 249.81 0 59.26 0 -81.01 0 10.33 6.00 9.0
building 258.13 0 57.96 0 8.90 0 10.87 10.32 9.0
building 279.48 0 61.07 0 3.02 0 8.62 4.30 9.0
building 295.71 0 56.93 0 6.31 0 11.18 9.05 9.0
building 201.47 0 127.03 0 -80.69 0 13.35 11.39 9.0
building 213.37 0 96.19 0 -81.21 0 28.26 14.63 9.0
building 245.24 0 85.90 0 0.94 0 12.85 10.47 9.0
building 258.21 0 83.00 0 -89.02 0 15.85 13.20 9.0
building 276.57 0 74.18 0 -85.52 0 11.23 8.85 9.0
building 284.66 0 73.55 0 -85.52 0 11.22 7.38 9.0
building 292.96 0 72.91 0 -85.51 0 11.22 9.29 9.0
building 287.00 0 87.18 0 4.95 0 31.26 8.57 9.0
building 279.15 0 102.55 0 -83.15 0 19.11 13.37 9.0
building 294.94 0 100.67 0 -83.15 0 19.12 18.45 9.0
building 111.40 0 52.69 0 12.34 0 23.21 12.09 9.0
building 114.42 0 66.32 0 12.34 0 23.22 15.83 9.0
building 117.39 0 79.69 0 12.34 0 23.21 11.55 9.0
building 134.69 0 53.18 0 12.95 0 15.70 7.51 9.0
building 136.75 0 62.01 0 12.95 0 15.71 10.61 9.0
building 141.56 0 72.26 0 12.94 0 20.43 11.54 9.0
building 143.58 0 80.92 0 12.94 0 20.41 6.24 9.0
building 119.62 0 89.76 0 12.34 0 23.20 9.08 9.0
building 121.27 0 97.17 0 12.34 0 23.19 6.10 9.0
building 148.90 0 92.32 0 13.26 0 16.43 13.17 9.0
building 94.32 0 89.83 0 -76.41 0 11.01 10.99 9.0
building 84.59 0 111.23 0 9.98 0 15.71 9.01 9.0
building 98.81 0 108.73 0 10.00 0 13.19 9.02 9.0
building 92.72 0 118.94 0 10.45 0 21.46 5.71 9.0
building 91.41 0 129.01 0 9.91 0 21.54 9.76 9.0
building 96.41 0 136.22 0 12.36 0 20.77 5.63 9.0
building 98.03 0 141.14 0 12.32 0 19.74 4.88 9.0
building 100.12 0 145.71 0 12.32 0 17.64 4.96 9.0
building 98.31 0 155.55 0 11.65 0 13.57 13.32 9.0
building 108.78 0 153.40 0 -78.16 0 13.35 7.85 9.0
building 126.10 0 118.93 0 12.34 0 23.19 5.50 9.0
building 127.85 0 126.82 0 12.34 0 23.21 10.67 9.0
building 129.47 0 134.15 0 12.34 0 23.19 4.35 9.0
building 130.88 0 140.48 0 12.34 0 23.21 8.62 9.0
building 132.69 0 148.65 0 12.34 0 23.20 8.13 9.0
building 148.41 0 106.32 0 12.35 0 21.47 4.98 9.0
building 149.68 0 112.06 0 12.35 0 21.46 6.79 9.0
building 151.08 0 118.39 0 12.35 0 21.46 6.18 9.0
building 152.27 0 123.74 0 12.35 0 21.45 4.77 9.0
building 153.45 0 129.08 0 12.35 0 21.46 6.18 9.0
building 154.78 0 135.06 0 12.35 0 21.47 6.07 9.0
building 156.48 0 142.75 0 12.35 0 21.47 9.68 9.0
building -280.18 0 -54.94 0 83.50 0 77.23 35.78 9.0
building 128.38 0 19.85 0 19.23 0 10.51 9.60 9.0
building -113.39 0 -11.35 0 -63.13 0 12.45 10.08 9.0
building -74.94 0 -105.10 0 -87.97 0 6.88 6.87 6.0
building 52.41 0 98.71 0 -72.71 0 8.71 5.59 9.0
building -119.45 0 188.12 0 -77.53 0 50.68 45.55 3.0
building -24.92 0 22.30 0 -81.54 0 16.61 8.78 9.0
building -92.15 0 121.50 0 -79.91 0 16.83 8.85 9.0
building -77.25 0 201.98 0 12.35 0 23.28 4.50 3.0
building -59.13 0 189.39 0 -78.63 0 21.31 13.63 6.0
building -39.54 0 120.90 0 -79.48 0 20.69 14.18 9.0
building -33.96 0 158.44 0 -80.48 0 21.85 16.43 9.0
building -34.29 0 138.82 0 -81.78 0 15.03 9.85 9.0
building -101.07 0 74.43 0 10.72 0 17.47 11.85 9.0
building -48.05 0 184.55 0 -79.40 0 25.51 5.75 6.0
building -41.71 0 183.38 0 -79.40 0 25.51 7.17 9.0
building -28.73 0 182.14 0 -79.39 0 23.24 5.67 6.0
building -47.01 0 67.33 0 -79.86 0 85.44 11.94 9.0
building -30.88 0 65.32 0 -79.97 0 84.18 11.18 9.0
building -106.64 0 45.32 0 -78.93 0 46.45 22.98 9.0
building -77.73 0 93.73 0 -79.40 0 159.97 14.82 9.0
building -147.24 0 77.82 0 7.17 0 17.19 16.35 12.0
building 59.15 0 -273.00 0 13.97 0 19.71 5.85 6.0
building 114.79 0 -303.28 0 -17.24 0 25.84 16.16 9.0
building 166.52 0 182.72 0 13.03 0 23.78 11.82 9.0
building -298.40 0 306.13 0 -77.99 0 21.15 13.80 9.0
building -97.28 0 -45.42 0 -61.64 0 11.12 6.68 9.0
building -29.93 0 -22.79 0 10.09 0 12.46 9.50 9.0
building -33.38 0 -48.38 0 10.57 0 10.27 9.90 9.0
building -30.70 0 -34.64 0 11.31 0 11.13 8.84 9.0
building -23.31 0 -50.26 0 10.57 0 10.27 9.90 9.0
building -19.82 0 -36.82 0 11.38 0 11.12 8.84 9.0
building -120.45 0 -59.04 0 87.56 0 18.02 13.87 9.0
building -82.82 0 -1.48 0 -65.72 0 10.20 9.58 9.0
# auto-osm end
