#EDITOR_SCENE_SETTINGS_JSON: {"minimap": {"center_x": 0.0, "center_z": 0.0, "range": 250.0}, "preview_camera": {"position": [0.0, 120.0, -80.0], "yaw": 0.0, "pitch": -45.0}}
# OSM 建物驗證測試:士林站 (25.0936, 121.5264) 半徑 150m
# 由 tools/osm_buildings.py + tools/osm_basemap.py 產生
# 座標慣例:rel_x=西 rel_z=北(公尺),世界 +X=西 +Z=北
# 底圖 © OpenStreetMap contributors (ODbL)
map map_osm_25.0936_121.5264.png -24.38 77.92 1.0816
# auto-osm begin origin=(25.093600,121.526400) bbox=(25.09224,121.52491,25.09496,121.52789)
# 資料來源: © OpenStreetMap contributors (ODbL)
building 18.63 0 -5.69 0 -73.07 0 193.80 23.57 9.0
building -115.70 0 -81.05 0 0.00 0 15.41 12.89 9.0
building 66.17 0 -68.76 0 -56.11 0 59.80 16.93 9.0
building 91.50 0 -23.64 0 -56.21 0 37.25 20.80 21.0
building -128.31 0 143.27 0 -85.84 0 32.92 26.85 57.0
building 119.88 0 -47.32 0 17.60 0 14.26 8.50 9.0
building 207.86 0 -33.37 0 12.90 0 108.87 107.00 9.0
building 152.71 0 -129.36 0 12.77 0 42.42 29.63 9.0
building 124.30 0 4.86 0 -76.47 0 18.27 10.30 3.0
building -97.68 0 95.05 0 -78.93 0 28.83 22.71 9.0
building -143.10 0 44.55 0 -85.57 0 49.80 23.10 12.0
building -145.64 0 93.31 0 7.92 0 23.50 15.00 12.0
building -144.74 0 104.92 0 6.26 0 24.69 8.97 15.0
building -147.43 0 115.35 0 1.27 0 18.11 12.80 15.0
building -111.02 0 -45.61 0 -71.19 0 12.27 9.65 9.0
building -90.14 0 -52.46 0 -54.98 0 14.84 7.56 9.0
building -48.14 0 -48.42 0 -80.57 0 18.24 10.58 9.0
building -0.61 0 31.38 0 -73.96 0 12.90 10.32 9.0
building -8.43 0 17.88 0 -81.73 0 15.79 11.23 9.0
building 3.81 0 46.74 0 -74.04 0 19.06 10.45 9.0
building 6.69 0 69.98 0 -76.03 0 16.34 9.63 9.0
building 10.72 0 84.78 0 -73.03 0 13.97 9.98 9.0
building -18.08 0 69.12 0 -80.23 0 72.16 11.93 9.0
building 14.59 0 104.73 0 -70.87 0 13.18 12.74 9.0
building -5.07 0 133.63 0 -78.99 0 59.66 9.49 9.0
building 16.01 0 115.34 0 16.34 0 16.70 7.65 9.0
building 18.70 0 128.13 0 -71.79 0 17.24 14.07 9.0
building 20.32 0 72.57 0 -67.51 0 24.00 12.48 9.0
building 29.38 0 93.59 0 18.86 0 14.26 9.56 9.0
building 32.14 0 102.56 0 20.45 0 15.25 7.88 9.0
building 34.93 0 111.33 0 20.64 0 16.28 10.56 9.0
building 38.67 0 121.19 0 20.64 0 16.33 10.53 9.0
building 40.88 0 131.02 0 20.65 0 19.19 9.42 9.0
building -1.52 0 86.42 0 -79.97 0 119.03 10.87 9.0
building 22.87 0 140.81 0 17.99 0 14.10 9.52 9.0
building 45.61 0 143.39 0 20.65 0 19.23 17.06 9.0
building 13.12 0 156.13 0 -79.47 0 16.45 13.79 9.0
building -16.47 0 135.95 0 -79.05 0 59.82 15.25 9.0
building -121.88 0 -1.58 0 -64.05 0 20.36 10.29 9.0
building 58.06 0 -150.16 0 25.98 0 15.98 6.85 9.0
building 20.96 0 -154.18 0 -64.97 0 27.58 9.67 9.0
building 99.19 0 -138.56 0 11.59 0 17.43 14.66 9.0
building 101.54 0 -125.06 0 21.89 0 13.73 5.48 9.0
building 108.80 0 -111.94 0 -70.99 0 19.11 10.86 9.0
building 68.50 0 -131.78 0 -62.71 0 13.05 12.44 9.0
building 84.23 0 -114.65 0 -75.08 0 19.61 19.01 9.0
building 88.56 0 -97.52 0 12.62 0 12.87 6.14 9.0
building 96.80 0 -92.42 0 22.42 0 19.05 7.49 9.0
building 103.65 0 -79.26 0 4.30 0 19.59 11.66 9.0
building 116.22 0 -65.81 0 -81.80 0 17.28 17.21 9.0
building 65.85 0 -3.43 0 32.59 0 23.81 22.52 9.0
building 74.41 0 19.24 0 9.68 0 17.59 14.74 9.0
building 81.84 0 41.86 0 12.46 0 19.97 12.82 9.0
building 133.31 0 41.86 0 13.91 0 13.41 8.47 9.0
building 93.42 0 76.72 0 -73.20 0 11.92 8.46 9.0
building 74.92 0 82.54 0 11.93 0 16.51 11.78 6.0
building 79.24 0 93.64 0 11.92 0 12.49 9.96 9.0
building 88.04 0 101.76 0 12.16 0 26.77 4.63 9.0
building 48.10 0 -101.41 0 30.66 0 17.41 14.19 9.0
building -17.69 0 -24.97 0 10.14 0 12.45 9.50 9.0
building -109.23 0 13.75 0 20.25 0 21.46 12.91 9.0
building -71.37 0 7.41 0 10.59 0 15.78 7.50 9.0
building -74.45 0 -5.98 0 -68.39 0 14.18 7.35 9.0
building 111.40 0 52.69 0 12.34 0 23.21 12.09 9.0
building 114.42 0 66.32 0 12.34 0 23.22 15.83 9.0
building 117.39 0 79.69 0 12.34 0 23.21 11.55 9.0
building 134.69 0 53.18 0 12.95 0 15.70 7.51 9.0
building 136.75 0 62.01 0 12.95 0 15.71 10.61 9.0
building 141.56 0 72.26 0 12.94 0 20.43 11.54 9.0
building 143.58 0 80.92 0 12.94 0 20.41 6.24 9.0
building 119.62 0 89.76 0 12.34 0 23.20 9.08 9.0
building 121.27 0 97.17 0 12.34 0 23.19 6.10 9.0
building 148.90 0 92.32 0 13.26 0 16.43 13.17 9.0
building 94.32 0 89.83 0 -76.41 0 11.01 10.99 9.0
building 84.59 0 111.23 0 9.98 0 15.71 9.01 9.0
building 98.81 0 108.73 0 10.00 0 13.19 9.02 9.0
building 92.72 0 118.94 0 10.45 0 21.46 5.71 9.0
building 91.41 0 129.01 0 9.91 0 21.54 9.76 9.0
building 96.41 0 136.22 0 12.36 0 20.77 5.63 9.0
building 98.03 0 141.14 0 12.32 0 19.74 4.88 9.0
building 100.12 0 145.71 0 12.32 0 17.64 4.96 9.0
building 98.31 0 155.55 0 11.65 0 13.57 13.32 9.0
building 108.78 0 153.40 0 -78.16 0 13.35 7.85 9.0
building 126.10 0 118.93 0 12.34 0 23.19 5.50 9.0
building 127.85 0 126.82 0 12.34 0 23.21 10.67 9.0
building 129.47 0 134.15 0 12.34 0 23.19 4.35 9.0
building 130.88 0 140.48 0 12.34 0 23.21 8.62 9.0
building 132.69 0 148.65 0 12.34 0 23.20 8.13 9.0
building 148.41 0 106.32 0 12.35 0 21.47 4.98 9.0
building 149.68 0 112.06 0 12.35 0 21.46 6.79 9.0
building 151.08 0 118.39 0 12.35 0 21.46 6.18 9.0
building 152.27 0 123.74 0 12.35 0 21.45 4.77 9.0
building 153.45 0 129.08 0 12.35 0 21.46 6.18 9.0
building 154.78 0 135.06 0 12.35 0 21.47 6.07 9.0
building 156.48 0 142.75 0 12.35 0 21.47 9.68 9.0
building 128.38 0 19.85 0 19.23 0 10.51 9.60 9.0
building -113.39 0 -11.35 0 -63.13 0 12.45 10.08 9.0
building -74.94 0 -105.10 0 -87.97 0 6.88 6.87 6.0
building 52.41 0 98.71 0 -72.71 0 8.71 5.59 9.0
building -24.92 0 22.30 0 -81.54 0 16.61 8.78 9.0
building -92.15 0 121.50 0 -79.91 0 16.83 8.85 9.0
building -39.54 0 120.90 0 -79.48 0 20.69 14.18 9.0
building -33.96 0 158.44 0 -80.48 0 21.85 16.43 9.0
building -34.29 0 138.82 0 -81.78 0 15.03 9.85 9.0
building -101.07 0 74.43 0 10.72 0 17.47 11.85 9.0
building -47.01 0 67.33 0 -79.86 0 85.44 11.94 9.0
building -30.88 0 65.32 0 -79.97 0 84.18 11.18 9.0
building -106.64 0 45.32 0 -78.93 0 46.45 22.98 9.0
building -77.73 0 93.73 0 -79.40 0 159.97 14.82 9.0
building -147.24 0 77.82 0 7.17 0 17.19 16.35 12.0
building -97.28 0 -45.42 0 -61.64 0 11.12 6.68 9.0
building -29.93 0 -22.79 0 10.09 0 12.46 9.50 9.0
building -33.38 0 -48.38 0 10.57 0 10.27 9.90 9.0
building -30.70 0 -34.64 0 11.31 0 11.13 8.84 9.0
building -23.31 0 -50.26 0 10.57 0 10.27 9.90 9.0
building -19.82 0 -36.82 0 11.38 0 11.12 8.84 9.0
building -120.45 0 -59.04 0 87.56 0 18.02 13.87 9.0
building -82.82 0 -1.48 0 -65.72 0 10.20 9.58 9.0
# auto-osm end
