straight 165 
curve 50 30 
straight 400 15 
straight 400

#民權西路站
#路基
building 0 -1 50 0 0 0 5 100 1
#左側牆
building 20 -1 80 0 0 0 3 150 10
#樓梯
building 7 -1 60 0 0 0 4 15 30

#月台
building 7 -1 70 0 0 0 10 150 2
#月台牆
building 7 1 125 0 0 0 8 50 7
#天花板
building 7 6 50 0 0 0 50 100 2
#右側牆
building -3 -2 50 0 0 0 1 100 8

#爬升段起點地板
building -30 0 250 -1 -30 0 30 100 1
#爬升段左側牆
building -17 -0 255 -1 -30 0 1 100 10
#爬升段右側牆
building -44 -0 245 -1 -30 0 1 100 10

building -0 -1.0 145 -0 -0 0 10 125 1

building -0 7 130 -0 -0 0 5 65 1

building -3 -0 130 -0 -0 0 1 65 10

building -6 -0 175 -0 -15 0 1 25 10
#右轉中隔牆
building 3 -0 165 -1 -0 0 1 40 10
#右轉左側牆
building 25 -0 165 -1 -0 0 1 40 10

building 0 -1 190 -1 -30 0 40 40 1
#右轉後銜接出土段短牆
building -14 -0 195 -1 -30 0 1 25 10
#爬升段起點中隔牆
building -0 -0 195 -1 -30 0 1 20 10
#爬升段起點左側牆
building 20 -0 195 -1 -30 0 1 40 10
#右轉區屋頂
building -2 10 185 -1 -30 0 50 50 1
#出土段屋頂
building -44 9 245 -1 -30 -45 .3 100 8
building -17 9 255 -1 -30 45 .3 100 8
building -30 15 250 -1 -30 0 18 100 .3

#出土段土墩
building -74 0 335 -1 -30 0 5 100 2
building -90 0 335 -1 -30 0 5 100 2
building -82 0 335 -1 -30 0 8 100 2


#出土後右側高架1
building -87 1.4 330 -1 -30 0 6 100 1
building -86 1.4 332 -1 -30 0 .3 100 2
building -91 1.4 332 -1 -30 0 .3 100 2

#出土後左側高架1
building -75 1.4 340 -1 -30 0 6 100 1
building -72 1.4 340 -1 -30 0 .3 100 2
building -79 1.4 336 -1 -30 0 .3 100 2

#出土後右側高架2
building -137 2.9 416 -1 -30 0 6 100 1
building -136 2.9 418.5 -1 -30 0 .3 100 2
building -141 2.9 418.5 -1 -30 0 .3 100 2

#出土後左側高架2
building -125 2.9 426 -1 -30 0 6 100 1
building -120 2.9 422 -1 -30 0 .3 100 2
building -128.5 2.9 422 -1 -30 0 .3 100 2

#出土後右側高架3
building -184.9 4.4 499 -1 -30 0 6 93 1
building -183.9 4.4 501.5 -1 -30 0 .3 93 2
building -188.9 4.4 501.5 -1 -30 0 .3 93 2

#出土後左側高架3
building -172 4.4 503 -1 -30 0 6 93 1
building -167 4.4 501 -1 -30 0 .3 93 2
building -174.1 4.4 501 -1 -30 0 .3 93 2

#出土後右側高架4
building -230.9 5.0 579 -0 -30 0 6 93 1
building -228.9 5 579.5 -0 -30 0 .3 93 2
building -233.9 5 579.5 -0 -30 0 .3 93 2

#出土後左側高架4
building -218 5.0 583 -0 -30 0 6 93 1
building -216 5 583 -0 -30 0 .3 93 2
building -221 5 583 -0 -30 0 .3 93 2

#出土後右側高架5
building -276.9 5.0 659 -0 -30 0 6 93 1
building -280.1 5 659.5 -0 -30 0 .3 93 2
building -275.1 5 659.5 -0 -30 0 .3 93 2

#出土後左側高架5
building -264 5.0 663 -0 -30 0 6 93 1
building -267 5 663 -0 -30 0 .3 93 2
building -264 5 663 -0 -30 0 .3 93 2


#橋墩
cylinder -162 0 460 0 0 0 2 4
cylinder -148 0 468 0 0 0 2 4
cylinder -152 0 442 0 0 0 2 4
cylinder -138 0 450 0 0 0 2 4
cylinder -142 0 422 0 0 0 2 4
cylinder -128 0 430 0 0 0 2 4
cylinder -131 0 400 0 0 0 2 3
cylinder -118 0 415 0 0 0 2 3
cylinder -122 0 390 0 0 0 2 2
cylinder -108 0 398 0 0 0 2 2
#cylinder -162 0 300 0 0 0 2 1
#cylinder -148 0 308 0 0 0 2 1

cylinder -222 0 560 0 0 0 2 5
cylinder -210 0 568 0 0 0 2 5
cylinder -210 0 542 0 0 0 2 5
cylinder -200 0 550 0 0 0 2 5
cylinder -198 0 522 0 0 0 2 5
cylinder -188 0 530 0 0 0 2 5
cylinder -191 0 505 0 0 0 2 4
cylinder -178 0 515 0 0 0 2 4
cylinder -182 0 490 0 0 0 2 4
cylinder -168 0 498 0 0 0 2 4

cylinder -275 0 660 0 0 0 2 5
cylinder -265 0 668 0 0 0 2 5
cylinder -265 0 642 0 0 0 2 5
cylinder -255 0 650 0 0 0 2 5
cylinder -258 0 622 0 0 0 2 6
cylinder -246 0 630 0 0 0 2 6
cylinder -248 0 605 0 0 0 2 5
cylinder -238 0 615 0 0 0 2 5
cylinder -236 0 590 0 0 0 2 5
cylinder -226 0 595 0 0 0 2 5

building -300 0 700 0 0 0 12 12 12
cylinder -300 0 700 90 45 0 12 35
cylinder -265 0 768 0 0 0 2 5
cylinder -265 0 742 0 0 0 2 5
cylinder -255 0 750 0 0 0 2 5
cylinder -258 0 722 0 0 0 2 6
cylinder -246 0 730 0 0 0 2 6
cylinder -305 0 705 0 0 0 2 6
cylinder -294 0 715 0 0 0 2 6
cylinder -295 0 690 0 0 0 2 6
cylinder -283 0 695 0 0 0 2 6

#車站外平面方基
building -90 -1 220 -0 -30 0 100 100 1

# 出土段平地房屋
#第一方基
building -79 -1 340 -0 -30 0 100 100 1

building -35 0 320 -0 -30 0 32 12 12
building -42 0 332 -0 -30 0 32 12 12

building -50 0 350 -0 -30 0 32 12 12
building -57 0 360 -0 -30 0 32 12 12

building -66 0 380 -0 -30 0 32 12 12
building -73 0 390 -0 -30 0 32 12 12

#第二方基
building -130 -1 426 -0 -30 0 100 100 1

building -85 0 410 -0 -30 0 32 12 12
building -92 0 422 -0 -30 0 32 12 12

building -100 0 440 -0 -30 0 32 12 12
building -107 0 450 -0 -30 0 32 12 12

building -116 0 470 -0 -30 0 32 12 12
building -123 0 480 -0 -30 0 32 12 12

#大同公司圍牆
building -120 0 376 -0 -30 0 .3 200 2
building -150 0 326 -0 0 0 20 90 15
building -170 0 406 -0 -30 0 20 40 15

#民族西路
building -170 -1 472 -0 -30 0 300 20 1

#體育館
building -380 -1 552 -0 -20 0 160 100 12
building -380 -1 552 -0 -20 0 80 200 12
cylinder -320 -1 512 0 0 0 35 12
cylinder -363 -1 620 0 0 0 40 12
building -310 9 575 -0 -20 0 3 100 12
building -350 9 465 -0 -20 0 80 2 12

#第三方基
building -190 -1 529 -0 -30 0 100 100 1

#第四方基
building -240 -1 615 -0 -30 0 100 100 1

#第五方基
building -290 -1 700 -0 -30 0 100 100 1
building -322 -1 750 -0 -30 0 17 17 1

#房屋
building -145 0 520 -0 -30 0 32 12 12
building -152 0 532 -0 -30 0 32 12 12

building -160 0 550 -0 -30 0 32 12 12
building -167 0 560 -0 -30 0 32 12 12

building -178 0 580 -0 -30 0 32 12 12
building -185 0 590 -0 -30 0 32 12 12

building -200 0 610 -0 -30 0 32 12 12
building -210 0 628 -0 -30 0 32 12 12

building -220 0 650 -0 -30 0 32 12 12
building -227 0 660 -0 -30 0 32 12 12

building -246 0 685 -0 -30 0 32 12 12
building -253 0 695 -0 -30 0 32 12 12

#圓山站
#屋頂
building -360 13 800 -0 -30 10 15 150 .3
building -346 13 808 -0 -30 -10 15 150 .3
cylinder -315 15 739 90 -30 0 .7 152

building -360 18 800 -0 -30 10 15 25 .3
building -346 18 808 -0 -30 -10 15 25 .3
cylinder -350 21 800 90 -30 0 .7 25

#中牆
building -316 6 740 -0 -30 0 3 1 8.5
building -389 6 866 -0 -30 0 3 1 8.5

#月台
building -350.6 0 800 -0 -30 -0 10 150 7
#出土後右側高架6
building -322.9 5.0 738 -0 -30 0 6 93 1
building -321.3 5 739.5 -0 -30 0 .3 93 2
building -326.3 5 739.5 -0 -30 0 .3 93 2

#出土後左側高架6
building -311 5.0 745 -0 -30 0 6 93 1
building -310 5 743 -0 -30 0 .3 93 2
building -313 5 743 -0 -30 0 .3 93 2
